no_smear: 1.52059
sm_level:0 0.305438
sm_level:1 0.107551
sm_level:2 0.0484496
sm_level:3 0.025702
sm_level:4 0.0153575
