no_smear: 0.0748938
sm_level:0 0.0115424
sm_level:1 0.00444734
sm_level:2 0.0025762
sm_level:3 0.00187701
sm_level:4 0.00155688
