no_smear: 0.357571
sm_level:0 0.494646
sm_level:1 0.547086
sm_level:2 0.573464
sm_level:3 0.589235
sm_level:4 0.599547
