no_smear: 0.922399
sm_level:0 0.489514
sm_level:1 0.49575
sm_level:2 0.49789
sm_level:3 0.498818
sm_level:4 0.499285
